1678117800000
1677858600000
1677772200000
1677685800000
1677599400000
1677513000000
1677253800000
1677167400000
1677081000000
1676994600000
1676649000000
1676562600000
1676476200000
1676389800000
1676303400000
1676044200000
1675957800000
1675871400000
1675785000000
1675698600000
1675439400000
1675353000000
1675266600000
1675180200000
1675093800000
1674834600000
1674748200000
1674661800000
1674575400000
1674489000000
1674229800000
1674143400000
1674057000000
1673970600000
1673625000000
1673538600000
1673452200000
1673365800000
1673279400000
1673020200000
1672933800000
1672847400000
1672761000000
1672415400000
1672329000000
1672242600000
1672156200000
1671810600000
1671724200000
1671637800000
1671551400000
1671465000000
1671205800000
1671119400000
1671033000000
1670946600000
1670860200000
1670601000000
1670514600000
1670428200000
1670341800000
1670255400000
1669996200000
1669909800000
1669823400000
1669737000000
1669650600000
1669391400000
1669218600000
1669132200000
1669045800000
1668786600000
1668700200000
1668613800000
1668527400000
1668441000000
1668181800000
1668095400000
1668009000000
1667922600000
1667836200000
1667577000000
1667490600000
1667404200000
1667317800000
1667231400000
1666972200000
1666885800000
1666799400000
1666713000000
1666626600000
1666367400000
1666281000000
1666194600000
1666108200000
1666021800000
1665762600000
1665676200000
1665589800000
1665503400000
